%YAML:1.0
---
RT: !!opencv-matrix
  rows: 4
  cols: 4
  dt: f
  data: [0.999717, -0.022508, 0.007675, 0.018551, 0.008139, 0.020611, -0.999754, 1.189353, 0.022345, 0.999534, 0.020788, -2.733754, 0.000000, 0.000000, 0.000000, 1.000000]
INTRINS: !!opencv-matrix
  rows: 3
  cols: 4
  dt: f
  data: [1326.946429, 0.000000, 623.217805, 0.000000, 0.000000, 1331.989345, 434.625599, 0.000000, 0.000000, 0.000000, 1.000000, 0.000000]
