%YAML:1.0
---
RT: !!opencv-matrix
  rows: 4
  cols: 4
  dt: f
  data: [-0.001136, -0.999716, 0.023824, 1.744528, 0.014729, -0.023838, -0.999607, 1.428357, 0.999891, -0.000784, 0.014752, -1.432063, 0.000000, 0.000000, 0.000000, 1.000000]
INTRINS: !!opencv-matrix
  rows: 3
  cols: 4
  dt: f
  data: [2029.733697, 0.000000, 629.607477, 0.000000, 0.000000, 2038.027617, 420.967379, 0.000000, 0.000000, 0.000000, 1.000000, 0.000000]
