%YAML:1.0
---
RT: !!opencv-matrix
  rows: 4
  cols: 4
  dt: f
  data: [-0.012685, 0.999845, 0.012190, -1.956242, -0.026908, 0.011845, -0.999568, 1.206367, -0.999557, -0.013008, 0.026754, -1.451162, 0.000000, 0.000000, 0.000000, 1.000000]
INTRINS: !!opencv-matrix
  rows: 3
  cols: 4
  dt: f
  data: [2023.105486, 0.000000, 620.488764, 0.000000, 0.000000, 2031.167268, 439.514027, 0.000000, 0.000000, 0.000000, 1.000000, 0.000000]
